454,640,182
640,454,182
185,258,511
258,185,511
55,170,808
170,55,808
9,453,284
453,9,284
255,275,2204
275,255,2204
151,866,387
866,151,387
54,866,389
866,54,389
295,441,209
441,295,209
101,425,531
425,101,531
47,241,406
241,47,406
116,176,390
176,116,390
63,179,717
179,63,717
564,577,806
577,564,806
265,494,385
494,265,385
443,637,308
637,443,308
205,894,601
894,205,601
1359,1383,626
1383,1359,626
376,638,383
638,376,383
1238,1260,623
1260,1238,623
226,353,490
353,226,490
122,255,1667
255,122,1667
1067,1324,271
1324,1067,271
70,132,635
132,70,635
55,779,809
779,55,809
279,908,461
908,279,461
279,510,729
510,279,729
202,545,1002
545,202,1002
1332,1401,283
1401,1332,283
3,884,1611
884,3,1611
339,884,2300
884,339,2300
691,869,676
869,691,676
160,226,408
226,160,408
117,364,782
364,117,782
346,374,580
374,346,580
111,124,505
124,111,505
276,621,285
621,276,285
39,871,967
871,39,967
513,638,600
638,513,600
1594,1828,1285
1828,1594,1285
196,252,350
252,196,350
390,938,675
938,390,675
106,272,382
272,106,382
254,382,833
382,254,833
119,122,1277
122,119,1277
240,447,283
447,240,283
252,364,684
364,252,684
39,265,707
265,39,707
1204,1359,1015
1359,1204,1015
199,649,590
649,199,590
72,674,394
674,72,394
1218,1512,285
1512,1218,285
55,252,315
252,55,315
626,649,306
649,626,306
132,240,264
240,132,264
353,504,413
504,353,413
267,276,929
276,267,929
1332,1828,286
1828,1332,286
312,612,1983
612,312,1983
54,151,301
151,54,301
117,196,253
196,117,253
205,494,240
494,205,240
196,346,281
346,196,281
101,240,417
240,101,417
245,420,234
420,245,234
219,605,335
605,219,335
634,658,847
658,634,847
196,364,331
364,196,331
151,642,184
642,151,184
311,453,276
453,311,276
236,391,181
391,236,181
777,908,341
908,777,341
634,691,186
691,634,186
634,869,331
869,634,331
20,513,299
513,20,299
211,242,1844
242,211,1844
38,634,235
634,38,235
1295,1512,366
1512,1295,366
1212,1295,216
1295,1212,216
28,327,273
327,28,273
170,894,295
894,170,295
1212,1512,248
1512,1212,248
1260,1784,505
1784,1260,505
1342,1359,1207
1359,1342,1207
638,694,225
694,638,225
274,280,314
280,274,314
1204,1342,545
1342,1204,545
61,160,242
160,61,242
1201,1342,374
1342,1201,374
1216,1805,222
1805,1216,222
276,786,221
786,276,221
312,886,476
886,312,476
327,372,216
372,327,216
327,429,413
429,327,413
343,867,408
867,343,408
89,492,277
492,89,277
90,615,201
615,90,201
269,603,1183
603,269,1183
335,765,940
765,335,940
181,765,837
765,181,837
27,173,239
173,27,239
45,79,223
79,45,223
185,744,189
744,185,189
429,441,937
441,429,937
725,859,257
859,725,257
465,854,874
854,465,874
131,356,217
356,131,217
58,356,236
356,58,236
61,464,527
464,61,527
471,970,625
970,471,625
190,213,185
213,190,185
120,285,990
285,120,990
3,147,1682
147,3,1682
27,477,246
477,27,246
653,778,291
778,653,291
120,488,283
488,120,283
1212,1214,450
1214,1212,450
71,92,552
92,71,552
65,991,634
991,65,634
642,866,223
866,642,223
638,655,311
655,638,311
156,866,343
866,156,343
1228,1401,262
1401,1228,262
177,984,261
984,177,261
691,1332,331
1332,691,331
1295,1805,258
1805,1295,258
869,1332,433
1332,869,433
513,655,2949
655,513,2949
1401,1412,1113
1412,1401,1113
687,866,329
866,687,329
484,497,266
497,484,266
4,90,492
90,4,492
545,653,340
653,545,340
202,653,270
653,202,270
89,232,922
232,89,922
4,424,511
424,4,511
41,658,571
658,41,571
111,725,240
725,111,240
111,487,331
487,111,331
275,612,359
612,275,359
38,243,627
243,38,627
275,312,341
312,275,341
275,886,262
886,275,262
253,706,313
706,253,313
612,886,1163
886,612,1163
254,269,182
269,254,182
111,927,1404
927,111,1404
487,927,364
927,487,364
177,945,195
945,177,195
258,269,516
269,258,516
400,945,587
945,400,587
211,845,212
845,211,212
634,1332,227
1332,634,227
65,809,370
809,65,370
1212,1345,460
1345,1212,460
333,893,531
893,333,531
232,492,300
492,232,300
232,488,209
488,232,209
205,939,186
939,205,186
1342,1423,222
1423,1342,222
80,172,309
172,80,309
80,285,181
285,80,181
1423,1518,255
1518,1423,255
54,869,201
869,54,201
232,322,285
322,232,285
184,544,815
544,184,815
1512,1518,494
1518,1512,494
63,199,844
199,63,844
21,826,599
826,21,599
582,687,261
687,582,261
366,974,813
974,366,813
41,634,1290
634,41,1290
200,826,524
826,200,524
322,601,189
601,322,189
605,866,222
866,605,222
1324,1594,334
1594,1324,334
388,492,584
492,388,584
92,496,266
496,92,266
492,496,372
496,492,372
199,626,436
626,199,436
1228,1232,515
1232,1228,515
268,504,258
504,268,258
119,132,268
132,119,268
425,649,445
649,425,445
132,447,242
447,132,242
706,826,800
826,706,800
122,447,224
447,122,224
252,265,268
265,252,268
1204,1214,201
1214,1204,201
413,480,215
480,413,215
253,743,305
743,253,305
265,883,234
883,265,234
1237,1336,233
1336,1237,233
124,471,183
471,124,183
200,322,242
322,200,242
90,797,247
797,90,247
769,893,288
893,769,288
85,190,363
190,85,363
428,489,203
489,428,203
145,489,283
489,145,283
115,356,202
356,115,202
1238,1543,560
1543,1238,560
376,435,212
435,376,212
1201,1214,602
1214,1201,602
9,48,224
48,9,224
80,468,495
468,80,495
1339,1512,896
1512,1339,896
45,48,438
48,45,438
159,874,197
874,159,197
58,836,191
836,58,191
258,603,1393
603,258,1393
159,642,253
642,159,253
115,181,227
181,115,227
1201,1359,484
1359,1201,484
9,232,252
232,9,252
1238,1324,229
1324,1238,229
1067,1512,463
1512,1067,463
34,201,207
201,34,207
274,484,850
484,274,850
1218,1324,376
1324,1218,376
1295,1339,281
1339,1295,281
346,425,259
425,346,259
327,763,291
763,327,291
1212,1339,227
1339,1212,227
1518,1543,395
1543,1518,395
826,998,417
998,826,417
240,939,299
939,240,299
274,497,434
497,274,434
